-0.0881862 -0.2236780 -0.9295360 0.0000000 0.0000000 0.0000000
-0.4780888 -0.3178640 0.0295980 0.0000000 0.0000002 0.0000000
-0.0498910 -0.6545880 -0.1551620 -0.0000000 0.0000002 0.0000000
0.0018990 -0.5530100 -0.1120700 0.0000001 0.0000000 -0.0000002
-0.2460630 -0.0909400 0.4968630 0.0000000 0.0000000 0.0000000
0.0010317 0.3160993 0.0018940 0.0000000 0.0000000 0.0000000
0.0230767 0.4846257 0.0808410 0.0000000 0.0000000 0.0000000
-0.0498572 0.5177330 -0.0750000 0.0000000 0.0000000 0.0000000
0.3320148 -0.0257740 0.0570390 -0.0000002 0.0000000 -0.0000001
0.3104350 -0.0148920 0.1231970 -0.0000002 -0.0000000 -0.0000001
0.2463150 0.0373430 0.1493130 -0.0000001 -0.0000001 -0.0000002
0.2514230 0.1620610 0.4232745 0.0000000 0.0000000 0.0000000
0.1419700 -0.0351100 0.2525845 0.0000000 0.0000000 0.0000000
-0.3065452 -0.0445160 -0.0061200 0.0000002 0.0000000 -0.0000001
-0.3046990 -0.0524610 0.0823990 0.0000002 0.0000000 -0.0000001
-0.2614900 -0.0057360 0.0930860 0.0000001 -0.0000001 -0.0000001
-0.3272280 0.3100380 0.3261840 0.0000001 -0.0000000 -0.0000002
-0.1912300 0.1085390 0.4040758 0.0000000 0.0000000 0.0000000
0.4567862 -0.2051910 -0.0486550 -0.0000001 0.0000002 -0.0000000
0.2487290 -0.6179810 0.0782290 0.0000000 0.0000002 0.0000001
-0.0241150 -0.6690800 -0.1884880 -0.0000001 0.0000000 -0.0000002
0.3896040 -0.1057100 0.4654580 0.0000000 0.0000000 0.0000000
-0.0881862 -0.2236780 -2.0000000 0.0000000 0.0000000 0.0000000
-0.4780888 -0.3178640 0.0295980 -38.1808336 -1.4656114 -45.1200734
-0.0498910 -0.6545880 -0.1551620 27.2520756 -19.7695327 41.0787843
0.0018990 -0.5530100 -0.1120700 0.0000001 0.0000000 -0.0000002
-0.2460630 -0.0909400 0.4968630 0.0000000 0.0000000 0.0000000
0.0010317 0.3160993 0.0018940 0.0000000 0.0000000 0.0000000
0.0230767 0.4846257 0.0808410 0.0000000 0.0000000 0.0000000
-0.0498572 0.5177330 -0.0750000 0.0000000 0.0000000 0.0000000
0.3320148 -0.0257740 0.0570390 -0.0000002 0.0000000 -0.0000001
0.3104350 -0.0148920 0.1231970 7.9274657 -22.0593194 -10.4704206
0.2463150 0.0373430 0.1493130 16.5026316 -25.4547157 -0.9320602
0.2514230 0.1620610 0.4232745 -0.0000001 0.0000000 -0.0000002
0.1419700 -0.0351100 0.2525845 0.0000000 0.0000000 0.0000000
-0.3065452 -0.0445160 -0.0061200 0.0000002 0.0000000 -0.0000001
-0.3046990 -0.0524610 0.0823990 -1.8329978 -61.8382928 -50.9095144
-0.2614900 -0.0057360 0.0930860 7.4341510 8.8376476 -0.3275454
-0.3272280 0.3100380 0.3261840 0.0000001 -0.0000000 -0.0000002
-0.1912300 0.1085390 0.4040758 0.0000000 0.0000000 0.0000000
0.4567862 -0.2051910 -0.0486550 -0.0000001 0.0000002 -0.0000000
0.2487290 -0.6179810 0.0782290 0.0000000 0.0000002 0.0000001
-0.0241150 -0.6690800 -0.1884880 -0.0000001 0.0000000 -0.0000002
0.3896040 -0.1057100 0.4654580 0.0000000 0.0000000 0.0000000
-0.0881862 -0.2236780 -0.9295360 0.0000000 0.0000000 0.0000000
-0.4780888 -0.3178640 0.0295980 0.0000000 0.0000002 0.0000000
-0.0498910 -0.6545880 -0.1551620 -0.0000000 0.0000002 0.0000000
0.0018990 -0.5530100 -0.1120700 0.0000001 0.0000000 -0.0000002
-0.2460630 -0.0909400 0.4968630 0.0000000 0.0000000 0.0000000
0.0010317 0.3160993 0.0018940 0.0000000 0.0000000 0.0000000
0.0230767 0.4846257 0.0808410 0.0000000 0.0000000 0.0000000
-0.0498572 0.5177330 -0.0750000 0.0000000 0.0000000 0.0000000
0.3320148 -0.0257740 0.0570390 -0.0000002 0.0000000 -0.0000001
0.3104350 -0.0148920 0.1231970 -0.0000002 -0.0000000 -0.0000001
0.2463150 0.0373430 0.1493130 -0.0000001 -0.0000001 -0.0000002
0.2514230 0.1620610 0.4232745 0.0000000 0.0000000 0.0000000
0.1419700 -0.0351100 0.2525845 0.0000000 0.0000000 0.0000000
-0.3065452 -0.0445160 -0.0061200 0.0000002 0.0000000 -0.0000001
-0.3046990 -0.0524610 0.0823990 0.0000002 0.0000000 -0.0000001
-0.2614900 -0.0057360 0.0930860 0.0000001 -0.0000001 -0.0000001
-0.3272280 0.3100380 0.3261840 0.0000001 -0.0000000 -0.0000002
-0.1912300 0.1085390 0.4040758 0.0000000 0.0000000 0.0000000
0.4567862 -0.2051910 -0.0486550 -0.0000001 0.0000002 -0.0000000
0.2487290 -0.6179810 0.0782290 0.0000000 0.0000002 0.0000001
-0.0241150 -0.6690800 -0.1884880 -0.0000001 0.0000000 -0.0000002
0.3896040 -0.1057100 0.4654580 0.0000000 0.0000000 0.0000000
-0.0881862 -0.2236780 -2.0000000 0.0000000 0.0000000 0.0000000
-0.4780888 -0.3178640 0.0295980 -38.1808336 -1.4656114 -45.1200734
-0.0498910 -0.6545880 -0.1551620 27.2520756 -19.7695327 41.0787843
0.0018990 -0.5530100 -0.1120700 0.0000001 0.0000000 -0.0000002
-0.2460630 -0.0909400 0.4968630 0.0000000 0.0000000 0.0000000
0.0010317 0.3160993 0.0018940 0.0000000 0.0000000 0.0000000
0.0230767 0.4846257 0.0808410 0.0000000 0.0000000 0.0000000
-0.0498572 0.5177330 -0.0750000 0.0000000 0.0000000 0.0000000
0.3320148 -0.0257740 0.0570390 -0.0000002 0.0000000 -0.0000001
0.3104350 -0.0148920 0.1231970 7.9274657 -22.0593194 -10.4704206
0.2463150 0.0373430 0.1493130 16.5026316 -25.4547157 -0.9320602
0.2514230 0.1620610 0.4232745 -0.0000001 0.0000000 -0.0000002
0.1419700 -0.0351100 0.2525845 0.0000000 0.0000000 0.0000000
-0.3065452 -0.0445160 -0.0061200 0.0000002 0.0000000 -0.0000001
-0.3046990 -0.0524610 0.0823990 -1.8329978 -61.8382928 -50.9095144
-0.2614900 -0.0057360 0.0930860 7.4341510 8.8376476 -0.3275454
-0.3272280 0.3100380 0.3261840 0.0000001 -0.0000000 -0.0000002
-0.1912300 0.1085390 0.4040758 0.0000000 0.0000000 0.0000000
0.4567862 -0.2051910 -0.0486550 -0.0000001 0.0000002 -0.0000000
0.2487290 -0.6179810 0.0782290 0.0000000 0.0000002 0.0000001
-0.0241150 -0.6690800 -0.1884880 -0.0000001 0.0000000 -0.0000002
0.3896040 -0.1057100 0.4654580 0.0000000 0.0000000 0.0000000
-0.0881862 -0.2236780 -0.9295360 0.0000000 0.0000000 0.0000000
-0.4780888 -0.3178640 0.0295980 0.0000000 0.0000002 0.0000000
-0.0498910 -0.6545880 -0.1551620 -0.0000000 0.0000002 0.0000000
0.0018990 -0.5530100 -0.1120700 0.0000001 0.0000000 -0.0000002
-0.2460630 -0.0909400 0.4968630 0.0000000 0.0000000 0.0000000
0.0010317 0.3160993 0.0018940 0.0000000 0.0000000 0.0000000
0.0230767 0.4846257 0.0808410 0.0000000 0.0000000 0.0000000
-0.0498572 0.5177330 -0.0750000 0.0000000 0.0000000 0.0000000
0.3320148 -0.0257740 0.0570390 -0.0000002 0.0000000 -0.0000001
0.3104350 -0.0148920 0.1231970 -0.0000002 -0.0000000 -0.0000001
0.2463150 0.0373430 0.1493130 -0.0000001 -0.0000001 -0.0000002
0.2514230 0.1620610 0.4232745 0.0000000 0.0000000 0.0000000
0.1419700 -0.0351100 0.2525845 0.0000000 0.0000000 0.0000000
-0.3065452 -0.0445160 -0.0061200 0.0000002 0.0000000 -0.0000001
-0.3046990 -0.0524610 0.0823990 0.0000002 0.0000000 -0.0000001
-0.2614900 -0.0057360 0.0930860 0.0000001 -0.0000001 -0.0000001
-0.3272280 0.3100380 0.3261840 0.0000001 -0.0000000 -0.0000002
-0.1912300 0.1085390 0.4040758 0.0000000 0.0000000 0.0000000
0.4567862 -0.2051910 -0.0486550 -0.0000001 0.0000002 -0.0000000
0.2487290 -0.6179810 0.0782290 0.0000000 0.0000002 0.0000001
-0.0241150 -0.6690800 -0.1884880 -0.0000001 0.0000000 -0.0000002
0.3896040 -0.1057100 0.4654580 0.0000000 0.0000000 0.0000000
