-0.0881862 -0.2236780 -0.9295360 0.0000000 0.0000000 0.0000000
-0.4780888 -0.3178640 0.0295980 0.0000000 0.0000002 0.0000000
-0.0498910 -0.6545880 -0.1551620 -0.0000000 0.0000002 0.0000000
0.0018990 -0.5530100 -0.1120700 0.0000001 0.0000000 -0.0000002
-0.2460630 -0.0909400 0.4968630 0.0000000 0.0000000 0.0000000
0.0010317 0.3160993 0.0018940 0.0000000 0.0000000 0.0000000
0.0230767 0.4846257 0.0808410 0.0000000 0.0000000 0.0000000
-0.0498572 0.5177330 -0.0750000 0.0000000 0.0000000 0.0000000
0.3320148 -0.0257740 0.0570390 -0.0000002 0.0000000 -0.0000001
0.3104350 -0.0148920 0.1231970 -0.0000002 -0.0000000 -0.0000001
0.2463150 0.0373430 0.1493130 -0.0000001 -0.0000001 -0.0000002
0.2514230 0.1620610 0.4232745 0.0000000 0.0000000 0.0000000
0.1419700 -0.0351100 0.2525845 0.0000000 0.0000000 0.0000000
-0.3065452 -0.0445160 -0.0061200 0.0000002 0.0000000 -0.0000001
-0.3046990 -0.0524610 0.0823990 0.0000002 0.0000000 -0.0000001
-0.2614900 -0.0057360 0.0930860 0.0000001 -0.0000001 -0.0000001
-0.3272280 0.3100380 0.3261840 0.0000001 -0.0000000 -0.0000002
-0.1912300 0.1085390 0.4040758 0.0000000 0.0000000 0.0000000
0.4567862 -0.2051910 -0.0486550 -0.0000001 0.0000002 -0.0000000
0.2487290 -0.6179810 0.0782290 0.0000000 0.0000002 0.0000001
-0.0241150 -0.6690800 -0.1884880 -0.0000001 0.0000000 -0.0000002
0.3896040 -0.1057100 0.4654580 0.0000000 0.0000000 0.0000000
-0.0881862 -0.2236780 -0.9295360 0.0000000 0.0000000 0.0000000
-0.4780888 -0.3178640 0.0295980 -59.0942434 3.6207964 -2.5345579
-0.0498910 -0.6545880 -0.1551620 37.2783381 -1.3456088 2.4387971
0.0018990 -0.5530100 -0.1120700 0.0000001 0.0000000 -0.0000002
-0.2460630 -0.0909400 0.4968630 0.0000000 0.0000000 0.0000000
0.0010317 0.3160993 0.0018940 0.0000000 0.0000000 0.0000000
0.0230767 0.4846257 0.0808410 0.0000000 0.0000000 0.0000000
-0.0498572 0.5177330 -0.0750000 0.0000000 0.0000000 0.0000000
0.3320148 -0.0257740 0.0570390 -12.8303537 0.0426269 -5.1137865
0.3104350 -0.0148920 0.1231970 -0.0000002 -0.0000000 -0.0000001
0.2463150 0.0373430 0.1493130 -0.0000001 -0.0000001 -0.0000002
0.2514230 0.1620610 0.4232745 -0.0000001 0.0000000 -0.0000002
0.1419700 -0.0351100 0.2525845 0.0000000 0.0000000 0.0000000
-0.3065452 -0.0445160 -0.0061200 0.0000002 0.0000000 -0.0000001
-0.3046990 -0.0524610 0.0823990 13.0497623 0.8125344 -4.5818735
-0.2614900 -0.0057360 0.0930860 0.0000001 -0.0000001 -0.0000001
-0.3272280 0.3100380 0.3261840 0.0000001 -0.0000000 -0.0000002
-0.1912300 0.1085390 0.4040758 0.0000000 0.0000000 0.0000000
0.4567862 -0.2051910 -0.0486550 26.2841673 9.9479822 3.5270558
0.2487290 -0.6179810 0.0782290 8.7114362 -0.6139259 0.7991924
-0.0241150 -0.6690800 -0.1884880 -0.0000001 0.0000000 -0.0000002
0.3896040 -0.1057100 0.4654580 0.0000000 0.0000000 0.0000000
-0.0881862 -0.2236780 -0.9295360 0.0000000 0.0000000 0.0000000
-0.4780888 -0.3178640 0.0295980 0.0000000 0.0000002 0.0000000
-0.0498910 -0.6545880 -0.1551620 -0.0000000 0.0000002 0.0000000
0.0018990 -0.5530100 -0.1120700 0.0000001 0.0000000 -0.0000002
-0.2460630 -0.0909400 0.4968630 0.0000000 0.0000000 0.0000000
0.0010317 0.3160993 0.0018940 0.0000000 0.0000000 0.0000000
0.0230767 0.4846257 0.0808410 0.0000000 0.0000000 0.0000000
-0.0498572 0.5177330 -0.0750000 0.0000000 0.0000000 0.0000000
0.3320148 -0.0257740 0.0570390 -0.0000002 0.0000000 -0.0000001
0.3104350 -0.0148920 0.1231970 -0.0000002 -0.0000000 -0.0000001
0.2463150 0.0373430 0.1493130 -0.0000001 -0.0000001 -0.0000002
0.2514230 0.1620610 0.4232745 0.0000000 0.0000000 0.0000000
0.1419700 -0.0351100 0.2525845 0.0000000 0.0000000 0.0000000
-0.3065452 -0.0445160 -0.0061200 0.0000002 0.0000000 -0.0000001
-0.3046990 -0.0524610 0.0823990 0.0000002 0.0000000 -0.0000001
-0.2614900 -0.0057360 0.0930860 0.0000001 -0.0000001 -0.0000001
-0.3272280 0.3100380 0.3261840 0.0000001 -0.0000000 -0.0000002
-0.1912300 0.1085390 0.4040758 0.0000000 0.0000000 0.0000000
0.4567862 -0.2051910 -0.0486550 -0.0000001 0.0000002 -0.0000000
0.2487290 -0.6179810 0.0782290 0.0000000 0.0000002 0.0000001
-0.0241150 -0.6690800 -0.1884880 -0.0000001 0.0000000 -0.0000002
0.3896040 -0.1057100 0.4654580 0.0000000 0.0000000 0.0000000
-0.0881862 -0.2236780 -0.9295360 0.0000000 0.0000000 0.0000000
-0.4780888 -0.3178640 0.0295980 -4.9520225 -0.0259674 -0.2576478
-0.0498910 -0.6545880 -0.1551620 44.0037119 -1.6438406 2.8061734
0.0018990 -0.5530100 -0.1120700 0.0000001 0.0000000 -0.0000002
-0.2460630 -0.0909400 0.4968630 0.0000000 0.0000000 0.0000000
0.0010317 0.3160993 0.0018940 0.0000000 0.0000000 0.0000000
0.0230767 0.4846257 0.0808410 0.0000000 0.0000000 0.0000000
-0.0498572 0.5177330 -0.0750000 0.0000000 0.0000000 0.0000000
0.3320148 -0.0257740 0.0570390 -8.4235686 0.1572563 -3.3577414
0.3104350 -0.0148920 0.1231970 20.5179005 0.0000000 0.0000000
0.2463150 0.0373430 0.1493130 -0.0000001 -0.0000001 -0.0000002
0.2514230 0.1620610 0.4232745 -0.0000001 0.0000000 -0.0000002
0.1419700 -0.0351100 0.2525845 0.0000000 0.0000000 0.0000000
-0.3065452 -0.0445160 -0.0061200 -21.1804101 -2.5011591 6.2187474
-0.3046990 -0.0524610 0.0823990 0.0000002 0.0000000 -0.0000001
-0.2614900 -0.0057360 0.0930860 0.0000001 -0.0000001 -0.0000001
-0.3272280 0.3100380 0.3261840 0.0000001 -0.0000000 -0.0000002
-0.1912300 0.1085390 0.4040758 0.0000000 0.0000000 0.0000000
0.4567862 -0.2051910 -0.0486550 -25.6882537 -9.8681220 4.5810848
0.2487290 -0.6179810 0.0782290 21.1388352 -1.7599760 1.9128641
-0.0241150 -0.6690800 -0.1884880 -0.0000001 0.0000000 -0.0000002
0.3896040 -0.1057100 0.4654580 0.0000000 0.0000000 0.0000000
-0.0881862 -0.2236780 -0.9295360 0.0000000 0.0000000 0.0000000
-0.4780888 -0.3178640 0.0295980 0.0000000 0.0000002 0.0000000
-0.0498910 -0.6545880 -0.1551620 -0.0000000 0.0000002 0.0000000
0.0018990 -0.5530100 -0.1120700 0.0000001 0.0000000 -0.0000002
-0.2460630 -0.0909400 0.4968630 0.0000000 0.0000000 0.0000000
0.0010317 0.3160993 0.0018940 0.0000000 0.0000000 0.0000000
0.0230767 0.4846257 0.0808410 0.0000000 0.0000000 0.0000000
-0.0498572 0.5177330 -0.0750000 0.0000000 0.0000000 0.0000000
0.3320148 -0.0257740 0.0570390 -0.0000002 0.0000000 -0.0000001
0.3104350 -0.0148920 0.1231970 -0.0000002 -0.0000000 -0.0000001
0.2463150 0.0373430 0.1493130 -0.0000001 -0.0000001 -0.0000002
0.2514230 0.1620610 0.4232745 0.0000000 0.0000000 0.0000000
0.1419700 -0.0351100 0.2525845 0.0000000 0.0000000 0.0000000
-0.3065452 -0.0445160 -0.0061200 0.0000002 0.0000000 -0.0000001
-0.3046990 -0.0524610 0.0823990 0.0000002 0.0000000 -0.0000001
-0.2614900 -0.0057360 0.0930860 0.0000001 -0.0000001 -0.0000001
-0.3272280 0.3100380 0.3261840 0.0000001 -0.0000000 -0.0000002
-0.1912300 0.1085390 0.4040758 0.0000000 0.0000000 0.0000000
0.4567862 -0.2051910 -0.0486550 -0.0000001 0.0000002 -0.0000000
0.2487290 -0.6179810 0.0782290 0.0000000 0.0000002 0.0000001
-0.0241150 -0.6690800 -0.1884880 -0.0000001 0.0000000 -0.0000002
0.3896040 -0.1057100 0.4654580 0.0000000 0.0000000 0.0000000
