-0.0881862 -0.2236780 -0.9295360 0.0000000 0.0000000 0.0000000
-0.4780888 -0.3178640 0.0295980 0.0000000 0.0000002 0.0000000
-0.0498910 -0.6545880 -0.1551620 -0.0000000 0.0000002 0.0000000
0.0018990 -0.5530100 -0.1120700 0.0000001 0.0000000 -0.0000002
-0.2460630 -0.0909400 0.4968630 0.0000000 0.0000000 0.0000000
0.0010317 0.3160993 0.0018940 0.0000000 0.0000000 0.0000000
0.0230767 0.4846257 0.0808410 0.0000000 0.0000000 0.0000000
-0.0498572 0.5177330 -0.0750000 0.0000000 0.0000000 0.0000000
0.3320148 -0.0257740 0.0570390 -0.0000002 0.0000000 -0.0000001
0.3104350 -0.0148920 0.1231970 -0.0000002 -0.0000000 -0.0000001
0.2463150 0.0373430 0.1493130 -0.0000001 -0.0000001 -0.0000002
0.2514230 0.1620610 0.4232745 0.0000000 0.0000000 0.0000000
0.1419700 -0.0351100 0.2525845 0.0000000 0.0000000 0.0000000
-0.3065452 -0.0445160 -0.0061200 0.0000002 0.0000000 -0.0000001
-0.3046990 -0.0524610 0.0823990 0.0000002 0.0000000 -0.0000001
-0.2614900 -0.0057360 0.0930860 0.0000001 -0.0000001 -0.0000001
-0.3272280 0.3100380 0.3261840 0.0000001 -0.0000000 -0.0000002
-0.1912300 0.1085390 0.4040758 0.0000000 0.0000000 0.0000000
0.4567862 -0.2051910 -0.0486550 -0.0000001 0.0000002 -0.0000000
0.2487290 -0.6179810 0.0782290 0.0000000 0.0000002 0.0000001
-0.0241150 -0.6690800 -0.1884880 -0.0000001 0.0000000 -0.0000002
0.3896040 -0.1057100 0.4654580 0.0000000 0.0000000 0.0000000
-0.0881862 1.8000000 -0.9295360 0.0000000 0.0000000 0.0000000
-0.4780888 -0.3178640 0.0295980 -32.8241875 0.4904220 -34.3427190
-0.0498910 -0.6545880 -0.1551620 38.2924349 -25.9563373 42.8496173
0.0018990 -0.5530100 -0.1120700 12.7074672 -9.8348484 0.4805861
-0.2460630 -0.0909400 0.4968630 0.0000000 0.0000000 0.0000000
0.0010317 0.3160993 0.0018940 0.0000000 0.0000000 0.0000000
0.0230767 0.4846257 0.0808410 0.0000000 0.0000000 0.0000000
-0.0498572 0.5177330 -0.0750000 0.0000000 0.0000000 0.0000000
0.3320148 -0.0257740 0.0570390 -0.0000002 0.0000000 -0.0000001
0.3104350 -0.0148920 0.1231970 -15.9089276 54.7251880 28.9734368
0.2463150 0.0373430 0.1493130 -15.9457570 -0.5571963 10.3217988
0.2514230 0.1620610 0.4232745 -0.0000001 0.0000000 -0.0000002
0.1419700 -0.0351100 0.2525845 0.0000000 0.0000000 0.0000000
-0.3065452 -0.0445160 -0.0061200 0.0000002 0.0000000 -0.0000001
-0.3046990 -0.0524610 0.0823990 11.4843894 -12.8652256 31.4570712
-0.2614900 -0.0057360 0.0930860 1.8926108 0.0759463 1.7665018
-0.3272280 0.3100380 0.3261840 -1.0248114 -11.3507561 0.5674289
-0.1912300 0.1085390 0.4040758 0.0000000 0.0000000 0.0000000
0.4567862 -0.2051910 -0.0486550 -0.0000001 0.0000002 -0.0000000
0.2487290 -0.6179810 0.0782290 0.0000000 0.0000002 0.0000001
-0.0241150 -0.6690800 -0.1884880 29.0327178 -11.1458743 -28.9599654
0.3896040 -0.1057100 0.4654580 0.0000000 0.0000000 0.0000000
-0.0881862 -0.2236780 -0.9295360 0.0000000 0.0000000 0.0000000
-0.4780888 -0.3178640 0.0295980 0.0000000 0.0000002 0.0000000
-0.0498910 -0.6545880 -0.1551620 -0.0000000 0.0000002 0.0000000
0.0018990 -0.5530100 -0.1120700 0.0000001 0.0000000 -0.0000002
-0.2460630 -0.0909400 0.4968630 0.0000000 0.0000000 0.0000000
0.0010317 0.3160993 0.0018940 0.0000000 0.0000000 0.0000000
0.0230767 0.4846257 0.0808410 0.0000000 0.0000000 0.0000000
-0.0498572 0.5177330 -0.0750000 0.0000000 0.0000000 0.0000000
0.3320148 -0.0257740 0.0570390 -0.0000002 0.0000000 -0.0000001
0.3104350 -0.0148920 0.1231970 -0.0000002 -0.0000000 -0.0000001
0.2463150 0.0373430 0.1493130 -0.0000001 -0.0000001 -0.0000002
0.2514230 0.1620610 0.4232745 0.0000000 0.0000000 0.0000000
0.1419700 -0.0351100 0.2525845 0.0000000 0.0000000 0.0000000
-0.3065452 -0.0445160 -0.0061200 0.0000002 0.0000000 -0.0000001
-0.3046990 -0.0524610 0.0823990 0.0000002 0.0000000 -0.0000001
-0.2614900 -0.0057360 0.0930860 0.0000001 -0.0000001 -0.0000001
-0.3272280 0.3100380 0.3261840 0.0000001 -0.0000000 -0.0000002
-0.1912300 0.1085390 0.4040758 0.0000000 0.0000000 0.0000000
0.4567862 -0.2051910 -0.0486550 -0.0000001 0.0000002 -0.0000000
0.2487290 -0.6179810 0.0782290 0.0000000 0.0000002 0.0000001
-0.0241150 -0.6690800 -0.1884880 -0.0000001 0.0000000 -0.0000002
0.3896040 -0.1057100 0.4654580 0.0000000 0.0000000 0.0000000
-0.0881862 1.8000000 -0.9295360 0.0000000 0.0000000 0.0000000
-0.4780888 -0.3178640 0.0295980 -32.8241875 0.4904220 -34.3427190
-0.0498910 -0.6545880 -0.1551620 38.2924349 -25.9563373 42.8496173
0.0018990 -0.5530100 -0.1120700 12.7074672 -9.8348484 0.4805861
-0.2460630 -0.0909400 0.4968630 0.0000000 0.0000000 0.0000000
0.0010317 0.3160993 0.0018940 0.0000000 0.0000000 0.0000000
0.0230767 0.4846257 0.0808410 0.0000000 0.0000000 0.0000000
-0.0498572 0.5177330 -0.0750000 0.0000000 0.0000000 0.0000000
0.3320148 -0.0257740 0.0570390 -0.0000002 0.0000000 -0.0000001
0.3104350 -0.0148920 0.1231970 -15.9089276 54.7251880 28.9734368
0.2463150 0.0373430 0.1493130 -15.9457570 -0.5571963 10.3217988
0.2514230 0.1620610 0.4232745 -0.0000001 0.0000000 -0.0000002
0.1419700 -0.0351100 0.2525845 0.0000000 0.0000000 0.0000000
-0.3065452 -0.0445160 -0.0061200 0.0000002 0.0000000 -0.0000001
-0.3046990 -0.0524610 0.0823990 11.4843894 -12.8652256 31.4570712
-0.2614900 -0.0057360 0.0930860 1.8926108 0.0759463 1.7665018
-0.3272280 0.3100380 0.3261840 -1.0248114 -11.3507561 0.5674289
-0.1912300 0.1085390 0.4040758 0.0000000 0.0000000 0.0000000
0.4567862 -0.2051910 -0.0486550 -0.0000001 0.0000002 -0.0000000
0.2487290 -0.6179810 0.0782290 0.0000000 0.0000002 0.0000001
-0.0241150 -0.6690800 -0.1884880 29.0327178 -11.1458743 -28.9599654
0.3896040 -0.1057100 0.4654580 0.0000000 0.0000000 0.0000000
-0.0881862 -0.2236780 -0.9295360 0.0000000 0.0000000 0.0000000
-0.4780888 -0.3178640 0.0295980 0.0000000 0.0000002 0.0000000
-0.0498910 -0.6545880 -0.1551620 -0.0000000 0.0000002 0.0000000
0.0018990 -0.5530100 -0.1120700 0.0000001 0.0000000 -0.0000002
-0.2460630 -0.0909400 0.4968630 0.0000000 0.0000000 0.0000000
0.0010317 0.3160993 0.0018940 0.0000000 0.0000000 0.0000000
0.0230767 0.4846257 0.0808410 0.0000000 0.0000000 0.0000000
-0.0498572 0.5177330 -0.0750000 0.0000000 0.0000000 0.0000000
0.3320148 -0.0257740 0.0570390 -0.0000002 0.0000000 -0.0000001
0.3104350 -0.0148920 0.1231970 -0.0000002 -0.0000000 -0.0000001
0.2463150 0.0373430 0.1493130 -0.0000001 -0.0000001 -0.0000002
0.2514230 0.1620610 0.4232745 0.0000000 0.0000000 0.0000000
0.1419700 -0.0351100 0.2525845 0.0000000 0.0000000 0.0000000
-0.3065452 -0.0445160 -0.0061200 0.0000002 0.0000000 -0.0000001
-0.3046990 -0.0524610 0.0823990 0.0000002 0.0000000 -0.0000001
-0.2614900 -0.0057360 0.0930860 0.0000001 -0.0000001 -0.0000001
-0.3272280 0.3100380 0.3261840 0.0000001 -0.0000000 -0.0000002
-0.1912300 0.1085390 0.4040758 0.0000000 0.0000000 0.0000000
0.4567862 -0.2051910 -0.0486550 -0.0000001 0.0000002 -0.0000000
0.2487290 -0.6179810 0.0782290 0.0000000 0.0000002 0.0000001
-0.0241150 -0.6690800 -0.1884880 -0.0000001 0.0000000 -0.0000002
0.3896040 -0.1057100 0.4654580 0.0000000 0.0000000 0.0000000
